1 1.0 4.336808689942018e-19 -2.371692252312041e-20 5.421010862427522e-20 0.0 1.0 4.336808689942018e-19 1.3552527156068805e-20 -2.625802136488331e-20 0.0 1.0 0.0
2 0.9999897602711981 0.0017835378466511144 -0.004159127973635789 -0.00037261685229249806 -0.0017903206280971752 0.9999970727239198 -0.001627665702750285 8.006476985537767e-05 0.004156212795337407 0.0016350952085010051 0.9999900261296906 0.040057361980440125
3 0.9999657562780145 0.0013156115501156908 -0.008170400087379877 -0.00039216942990037836 -0.0013424448092550592 0.9999937210511615 -0.0032795884171622734 0.0003185133674263891 0.008166034121454493 0.003290444423035128 0.9999612436800869 0.07803594646582851
4 0.9998901677512969 0.002591067991107604 -0.014592422723749955 -0.0004761725758623908 -0.0026465287769253895 0.9999893437445211 -0.0037826290903427285 0.0002362941085668741 0.014582466174007132 0.00382083290234719 0.9998863700022199 0.12346896658649856
5 0.9998461605794422 0.001698708809921495 -0.017457650555773904 -0.0017367088804383691 -0.0017673667006896112 0.9999907622153444 -0.003918149935847087 -0.0002520679019427431 0.017450833489942863 0.003948401240195847 0.9998399264573069 0.15996881915185956
6 0.9997425857333917 0.003467446223056226 -0.02242184398755004 -0.0023235819083028586 -0.0035841515680330007 0.9999802283366808 -0.0051668939661298026 -0.0006782068732691555 0.022403484743431925 0.005245927221195037 0.9997352470123982 0.2023253898772393
7 0.9996107628943871 0.0059119652692231 -0.02726483765506426 -0.003724664637730077 -0.006074157947413678 0.9999643243558519 -0.005869805854924056 -0.000633282145504781 0.02722916287606693 0.00603313203901003 0.9996110113473483 0.2451626087524012
8 0.9994782198947036 0.006344856325796452 -0.031670660781229105 -0.005125348258914011 -0.006479363910172113 0.999970412785427 -0.0041462509647330345 -0.0008798150424626539 0.031643416367930964 0.004349293269945268 0.9994897587512429 0.28919865916629406
9 0.9993284921249888 0.005328306485563917 -0.036251537583836674 -0.006356483687781486 -0.005387412434064223 0.9999843128006106 -0.0015329513873067555 -0.0011119422186770278 0.03624280086391938 0.0017272239827112778 0.99934152124429 0.333350971266731
10 0.9992145547207932 0.005024114056458177 -0.03930689395099239 -0.008463266934662454 -0.00498500091046361 0.9999869774533806 0.0010930185610844086 -0.0014033183646669084 0.03931187352505015 -0.0008962151526823259 0.9992265876158174 0.37843675943804694
11 0.9990716430826149 0.006376201864562495 -0.04260511750936333 -0.009764699086816772 -0.006349109682406441 0.9999795468383863 0.0007711751658592615 -0.0017720551053832824 0.04260916326853979 -0.0004999546759607574 0.9990916921138305 0.42356384251050283
12 0.9989781428328478 0.005841444243079091 -0.04481682353078364 -0.011576610586112234 -0.0058240043604901506 0.9999829052961872 0.0005197004962000772 -0.0018647275330813998 0.0448190932019312 -0.00025815606085666113 0.9989950861941238 0.46934408563535707
13 0.9989467127588502 0.003185853053907329 -0.045774615329963166 -0.013994124413133765 -0.003200036801929827 0.9999948518827305 -0.00023658508443765098 -0.0020406582328038885 0.04577362595156172 0.00038281634603683007 0.998951764911045 0.5150159847794774
14 0.9988000461732482 0.002645813382464423 -0.04890263219768777 -0.015370589796173858 -0.002612835383640813 0.9999963140147926 0.0007382737204399443 -0.0022152693648833993 0.048904405277798345 -0.0006096132983046214 0.9988032776858772 0.5623662330999024
15 0.9987371083089754 0.0007990019701591957 -0.050234948815314456 -0.017320070816716986 -0.0007713532780025951 0.9999995401869661 0.0005697718637266746 -0.002444843146188417 0.05023538096547189 -0.0005303034111352094 0.9987372653894246 0.6098275843218742
16 0.9986572131115817 0.0029880501746870373 -0.05171887717615678 -0.019985865647989168 -0.0030465550075377988 0.9999948054540562 -0.001052410324190135 -0.0033121992345728412 0.051715463865220086 0.001208561565650829 0.9986611288000284 0.6570819158549436
17 0.9985453153460209 0.003626514415086978 -0.05379685486822536 -0.021918378142796395 -0.003858127146113546 0.9999837285027419 -0.0042020928927370554 -0.003360264403853396 0.05378074056239982 0.004403535278834027 0.9985430590723707 0.7050039881373786
18 0.9984648631289919 0.007501948293295186 -0.054878391636492566 -0.025459499927867005 -0.007812628330635897 0.9999546351306969 -0.0054489007333784305 -0.004043563446643652 0.05483502471387132 0.0058692804021951515 0.9984781778347435 0.7531639786356887
19 0.9983833637097133 0.008424567130622888 -0.05621108197090705 -0.027920876701116874 -0.008708901310686305 0.9999504828223157 -0.004815282066330693 -0.004906829628977893 0.05616773188975258 0.005297034272045824 0.9984072953070213 0.8032089286579966
20 0.9982983748094044 0.0075871880592727516 -0.057816861124202444 -0.030217490718022266 -0.00781406056641724 0.9999626285575013 -0.00369891143946231 -0.005037579022334702 0.05778663608799569 0.004144401733163792 0.9983203537061176 0.8521428154239392
21 0.9982480679773513 0.00833673420687538 -0.05857724508927741 -0.03348581818081646 -0.008500031188595126 0.9999606504433208 -0.0025391011723996455 -0.00503729525051966 0.058553772289053 0.0030325612499478125 0.9982796498591902 0.9020238024607665
22 0.9981345424186008 0.0076361812760072385 -0.06057329416773067 -0.03571467839578333 -0.00778033931320825 0.999967433423355 -0.002144391027611067 -0.005873419947748674 0.06055494654429005 0.002611671539054848 0.9981614486749076 0.9527825850323123
23 0.9979187872597983 0.0073391314520433616 -0.06406427384637292 -0.03767862859177381 -0.007582339658794197 0.9999649379544402 -0.0035540099987669957 -0.005753891624296315 0.06403594427532174 0.004032370432175963 0.9979394459732844 1.0053376288251434
24 0.9979884299306573 0.006041774851262725 -0.0631077703709163 -0.04127443624608728 -0.0063015655027187124 0.9999724678609456 -0.003918391545647385 -0.006580056149849569 0.06308235883950913 0.004308187175217054 0.9979990258144077 1.0527326580616598
25 0.997902852390819 0.005877766963061818 -0.06446199691132268 -0.043870768700245595 -0.0060251380231144975 0.9999796604004958 -0.002092007913810652 -0.007051819610211216 0.06444838944512003 0.0024760130930521172 0.9979179698036774 1.1040767327365808
26 0.997898405781412 0.006311476242264394 -0.06448982095307704 -0.04647072304035031 -0.006260006870730426 0.9999799058198632 0.0010001352289100843 -0.007253157965545695 0.06449483741273412 -0.0005943266282367639 0.9979178637157288 1.155959074029612
27 0.9980109101598944 0.008318658843423206 -0.0624901841641224 -0.05091968827499384 -0.008012463649745054 0.9999546436244464 0.005148895043394691 -0.007478698231139947 0.06253018173714764 -0.0046379530994952005 0.9980322969538442 1.207809236884793
28 0.9980915623400588 0.006924622453103471 -0.06136190014547037 -0.05325498135520769 -0.006459962264116832 0.9999489652692213 0.007767608677056694 -0.007608765495159298 0.061412556314868444 -0.007356389120735468 0.9980853578056225 1.2588707356063633
29 0.998235299539841 0.00759540121249277 -0.058894792919453626 -0.05715986123152477 -0.007151052980058562 0.9999443838648345 0.00775187838223078 -0.0069352517315153985 0.05895039604515356 -0.00731703885446597 0.99823409666697 1.3112784111879985
30 0.9982916176788763 0.008397681671080905 -0.05782149267048977 -0.05923866691633519 -0.008105834463496307 0.9999532070055169 0.005280080210791623 -0.007235942175218281 0.057863127462510225 -0.004802368367086137 0.9983129748422206 1.3639599634407107
31 0.9983698792246269 0.00884435825379355 -0.056385827865540104 -0.06220571440636489 -0.008846611001460905 0.9999608459911533 0.00020966269511288327 -0.007275756950613461 0.05638547446632505 0.0002895025655240088 0.9984090316385724 1.4147719591603245
32 0.9983700823079522 0.007852248368903275 -0.05652893903095956 -0.06402850445838014 -0.008014872028243764 0.9999643672379797 -0.0026506755210378686 -0.007600057627917694 0.05650611098619125 0.003099427350335785 0.9983974423902117 1.4684850704282264
33 0.9984504870301194 0.005498277754212678 -0.055375029490330505 -0.06698587953563422 -0.0055828377823440075 0.9999834739964069 -0.0013724636146702131 -0.0083166982740398 0.05536656817623317 0.0016794867713356225 0.9984646826265672 1.521481335263856
34 0.998407515244274 0.003910635178339773 -0.05627735278295201 -0.06836760136257193 -0.003707298469288349 0.9999862195842181 0.0037170660101363637 -0.00895963554027546 0.05629111334673101 -0.0035025096953513555 0.9984082546654046 1.5746409981403149
35 0.9983438085294115 0.0004991526637052762 -0.05752730497431733 -0.07028151226011395 -9.250136514835344e-05 0.9999749938674324 0.007071285832576889 -0.009072963423351822 0.05752939609006203 -0.007054253075051453 0.9983188899840902 1.6279012023780084
36 0.9982969803252211 -0.00714734082808483 -0.05789693077039878 -0.07368976535122813 0.0075207905450756 0.9999522806027389 0.00623491996407371 -0.008835100818025377 0.05784960486574008 -0.006659732462231132 0.9983030958483547 1.6802541520054202
37 0.9981778753845966 -0.00932688548913371 -0.05961491675550458 -0.07609321030973694 0.00948071543670013 0.9999524163433264 0.002298060911103686 -0.009172949109158437 0.05959064630880815 -0.0028590656192913734 0.998218803978508 1.7339751854905943
38 0.9980818263712878 -0.008780975906474099 -0.061282642970780954 -0.0791890145465856 0.008675551144670174 0.999960394171625 -0.001986177349718582 -0.00898725096189444 0.06129765639639494 0.001450706813330835 0.9981184763193452 1.7876348222798928
39 0.9979462303268689 -0.007326980676169817 -0.06363675612853772 -0.0819169843501873 0.007122744782753054 0.999968730830451 -0.003435675784579189 -0.008518175858338044 0.06365993939010399 0.0029753513251402396 0.9979672135903767 1.8399289854404732
40 0.9979621236503748 -0.007553257543850055 -0.0633604613281048 -0.08621057786152148 0.007511775835058695 0.9999713875799572 -0.0008928858935987405 -0.010000649168671718 0.06336539262908282 0.00041511672025063267 0.9979903079164 1.894952422048651
41 0.9979113169833401 -0.004273977786770408 -0.06445724591117531 -0.08969452234860714 0.0043852897104703055 0.9999891276049181 0.0015855302299823645 -0.010196551693531711 0.06444976858554866 -0.0018648822571781308 0.9979192099280563 1.9493600636976942
42 0.9978084010221336 -0.0044084871568051565 -0.0660224211207174 -0.09313090582186793 0.004620338392048831 0.9999846552345867 0.0030564306810038017 -0.010455314316236876 0.06600793378675042 -0.0033547781376874605 0.9978134585887538 2.0042974511762486
43 0.9977105926107868 -0.0039524493964341375 -0.06751260279385966 -0.0960495085796431 0.004337922190605472 0.9999751118767671 0.005563996595553365 -0.010276062509298243 0.06748893111689568 -0.005844122758438965 0.9977029068845511 2.0585953597153526
44 0.9977636962361498 -0.004495813827995587 -0.06668878564796489 -0.10060874064243769 0.005125087623772739 0.9999439182251431 0.009267895197785902 -0.01118394065606973 0.06664337889111609 -0.009588955238840943 0.9977307813169857 2.1138609293958317
45 0.9977482049278811 0.00043527889683418666 -0.0670695914366042 -0.10462121299990333 0.00035417594752206816 0.9999308055824847 0.01175834199882772 -0.01090167478373546 0.06707006875342561 -0.011755619058355447 0.9976790121566984 2.1676365431819153
46 0.9977151982950547 0.0009694362367717389 -0.0675532625743752 -0.1081342513430068 -0.00021960314905948922 0.9999382976822274 0.01110642169314693 -0.011079482507879077 0.06755986134915147 -0.01106621081273601 0.9976538498460934 2.2225427800099586
47 0.9977018213105082 0.0014499919571027578 -0.06774196097707258 -0.11089771967770841 -0.0008126735298165258 0.999955162550286 0.009434640998196393 -0.011108371210976332 0.0677526037538693 -0.009357906408767401 0.9976582652753476 2.275882880382767
48 0.9977317775048078 0.0035113993416363114 -0.0672232863802421 -0.11493966709864045 -0.003049332293728244 0.9999710251113767 0.006974991775245824 -0.010896149564952495 0.06724583057453384 -0.0067541848039476176 0.9977135757610874 2.3299779861627066
49 0.9976628519532514 0.003453581709937205 -0.06824153138578745 -0.11853243965885299 -0.003003882604865653 0.9999731010225775 0.006691331749815264 -0.010933386215424962 0.06826280481932172 -0.006470703567826875 0.9976463899967445 2.383254346972751
50 0.9975340148974275 0.0013660083276148484 -0.07017138408117445 -0.12031391116902337 -0.0008384627131187122 0.9999711704988864 0.00754686367742919 -0.011043713750871017 0.0701796701538097 -0.007469417134949507 0.9975064018364829 2.434377141154646
51 0.9974995755851593 0.0015523733540099643 -0.07065540916587101 -0.12479462813080718 -0.0009199245267389848 0.9999592303942174 0.008982832975714387 -0.011064822143125944 0.07066647328324793 -0.008895374436989012 0.9974603359870176 2.4907861694332536
52 0.9974695981656259 0.003605606503433047 -0.07100281921900861 -0.1283092957570642 -0.0031692728091455733 0.999975402536779 0.006256998583023504 -0.011961786824953257 0.0710236330045572 -0.006016138558007862 0.9974564900945228 2.542953063787742
53 0.9974140448595888 0.004531149343694935 -0.07172650697238157 -0.13222235075343522 -0.004430544061402149 0.9999889656865962 0.0015616607735321748 -0.011816602890158089 0.07173279163781333 -0.0012398349393156762 0.9974231145372406 2.595100227149742
54 0.9973492110748106 0.005344715116513072 -0.07256710817427074 -0.13534358069556016 -0.005323626449706811 0.9999857122597532 0.0004840224975668204 -0.01234224609576028 0.07256865831663818 -9.64192796354445e-05 0.9973634144751077 2.648088285190932
55 0.9973977763516981 0.004576493741667521 -0.07194950613951767 -0.13989095493293807 -0.004328787259580072 0.9999841566664601 0.003598335299813929 -0.012352135148010174 0.07196483397847389 -0.003277517521092412 0.9974017849138579 2.702213919630911
56 0.9973986983935257 0.002742340287281478 -0.07202996607419472 -0.14331063721309448 -0.00225479294540321 0.9999740024356174 0.00684911393284662 -0.013089706114801314 0.07204687607158446 -0.006668884662408453 0.9973789518661828 2.755036290971578
57 0.997414002218871 0.0018431179852826797 -0.07184644106583599 -0.14742713574228788 -0.0013285961776952886 0.9999731355211837 0.00720854133159185 -0.012986432424762873 0.07185779714081783 -0.007094445152722097 0.9973896559710472 2.8082456693613724
58 0.9973864339460633 -0.0007164249498161491 -0.07224810112138927 -0.15006270199454042 0.0011290268464352157 0.9999832867762954 0.005670226314479757 -0.013303952865087567 0.07224283133111019 -0.005736976849236108 0.9973705732664746 2.8583193608299426
59 0.997326051328751 -0.004792808185862603 -0.07292308503276121 -0.1534062094960132 0.0051488145260023665 0.9999757242616183 0.0046947413591084544 -0.013579674189540045 0.07289881377621052 -0.005057655301186995 0.9973265177828552 2.910606432528699
60 0.9972374556703714 -0.005857069609481378 -0.07404830682516474 -0.15647358010531753 0.0062961317140730775 0.9999639487531633 0.005697360741613231 -0.013667431918526266 0.07401226745292358 -0.0061478394229779725 0.9972383808984221 2.9619330175245655
61 0.9970757657608383 -0.009756012839231993 -0.07579404690289632 -0.15960255543075655 0.010561436259814785 0.9998918658804342 0.01023291797454249 -0.013948502181262833 0.0756860185012237 -0.011003488520673151 0.9970709853585188 3.0137127423876504
62 0.9970577513791496 -0.010403865604248311 -0.0759447167039467 -0.16356963713831876 0.011587145433166156 0.9998179877108775 0.015156830489329526 -0.013982026467675851 0.0757732042048153 -0.01599221780305507 0.9969968257192572 3.066232164612145
63 0.9970671002001766 -0.007596081434529589 -0.07615443024047283 -0.16775945004873097 0.008927875052332983 0.9998128464832464 0.01716289760262625 -0.013696776918745336 0.07600980690319492 -0.017792457781551668 0.9969483124518697 3.1176468080302198
64 0.9969118595737959 -0.007899985342172662 -0.07813024044958343 -0.17026369574646172 0.008991289671391024 0.9998667376166833 0.013625847416433601 -0.013699769689866222 0.0780121846326675 -0.014286260510163261 0.9968500397800436 3.166515845165312
65 0.9968422939818936 -0.005619926278452793 -0.07920768496516324 -0.17465613913802294 0.006076672298477789 0.9999662649385926 0.00552657566104439 -0.013488989524295312 0.07917395394125963 -0.005990443504874353 0.9968428158962286 3.2167938181455704
66 0.9967834418896698 -0.003966139799507226 -0.08004398609310925 -0.17891602709368326 0.004013697286358588 0.9999918512285827 0.00043325572790454806 -0.013519360793215154 0.08004161548017744 -0.000753134465450347 0.9967912382137998 3.266693491056598
67 0.996733956327741 0.0013559287075085855 -0.08074392708178796 -0.1839045444555911 -0.001299640840449583 0.9999988744662098 0.0007496665922289327 -0.013585673095999166 0.08074485269622314 -0.0006422800431453045 0.9967345966903182 3.3170036027572762
68 0.9965900321261901 0.0026174121377631624 -0.08247094652312639 -0.18606922097575085 -0.0022848305864951327 0.9999888743471036 0.004126830648787403 -0.014872167294876244 0.08248083059663197 -0.003924326147741141 0.9965849247547224 3.3635200838303105
69 0.9964711760397368 0.0050133139906672 -0.08378581028321629 -0.18982827279572959 -0.004539464383880547 0.9999726140192972 0.005845038453356694 -0.015490541327159506 0.0838128187396869 -0.005444069639958596 0.9964666444596445 3.4116338121116225
70 0.9963619302905004 0.005139889176198441 -0.08506753438912149 -0.193672382934128 -0.004711602819028576 0.9999751992343859 0.005234664748190575 -0.015265938193341978 0.08509233024581998 -0.004814816238095203 0.9963614368681325 3.4585815799334663
71 0.996225052064609 0.007355026480090676 -0.08649594917881488 -0.1976392139664453 -0.00681044832557519 0.9999550977485143 0.006589406677695676 -0.01645170300112698 0.0865405305765549 -0.0059754558183083605 0.9962304103445607 3.502991917951225
72 0.9961050367937959 0.0088829107107708 -0.08772599142406418 -0.20123520392617747 -0.008266214169668246 0.9999385225341687 0.007390592363604381 -0.016942659813805216 0.08778624822448948 -0.006636644444918294 0.9961172268228173 3.548359420158292
73 0.9959864873601951 0.008351870098395595 -0.08911320475529598 -0.2047769807023589 -0.0076689664982490125 0.999938567850517 0.00800296681897545 -0.0172434228920818 0.0891745700788544 -0.0072874406286715845 0.995989351981403 3.59245150133129
74 0.9958308819890209 0.007683556108994317 -0.09089454022376035 -0.2081352931476394 -0.006915681606384385 0.9999377166990171 0.008759912709338 -0.017259199081979162 0.090956186292566 -0.008094793899540667 0.9958219953821245 3.637206366148549
75 0.9957119978141343 0.011270804486104158 -0.09181822463553302 -0.21280091737794157 -0.010275993644389877 0.9998833484960482 0.011300148448174044 -0.01732201566001016 0.09193487566536243 -0.010308169894133766 0.9957116652273529 3.680079062203286
76 0.9955231299755508 0.012637177229872414 -0.09366962920468587 -0.21610236151495293 -0.011196556049568526 0.9998110633747266 0.01588945203987226 -0.017568718218051605 0.09385272940256674 -0.014769539774797467 0.9954765320581542 3.7240159707083835
77 0.9953667753840665 0.01582976286026097 -0.09483881625849819 -0.2205077031679606 -0.014222221595577778 0.9997439107687589 0.01760230932787377 -0.017768818107604795 0.09509316944140395 -0.01617193521430794 0.9953370070669596 3.7645715997919305
78 0.9951491909102875 0.018986838984156013 -0.09652765290832392 -0.22397031345748108 -0.01771501370809412 0.9997448352108298 0.014015803886788941 -0.018599399799389876 0.09676913826175243 -0.01223782720341417 0.9952316159896737 3.8047384784757114
79 0.9950902376886668 0.018667986777015134 -0.09719529374617808 -0.22873563725085017 -0.018130681401812405 0.9998150880106244 0.006408445850085797 -0.018523945587678226 0.09729695395344412 -0.004614764999509302 0.9952446968938747 3.843675128865855
80 0.9949288460750345 0.017748282712552306 -0.09900297828123997 -0.23169744599822792 -0.017829173173041328 0.9998410453668125 6.770351129246639e-05 -0.01830563733954725 0.09898844292020183 0.0016977810680576353 0.9950871347312651 3.8819915370600215
81 0.9948284091983111 0.018629285506404043 -0.09984681253539653 -0.23512042917630468 -0.01879590624065192 0.9998230761400168 -0.0007282352002880243 -0.01906927124273835 0.09981558075045373 0.0026011803926680108 0.9950025546198434 3.918953054995381
82 0.9947187614485488 0.021376797298552592 -0.10038734063377593 -0.23920823496553406 -0.021191940802969097 0.9997711976103194 0.0029075890065801244 -0.019528632891861984 0.1004265267111664 -0.000764830755348324 0.9949441832417772 3.955669134689163
83 0.9945711649267501 0.021633093324666272 -0.10178510288570398 -0.2428838334687824 -0.0212076901167882 0.9997612555790418 0.00525982156807909 -0.020245770005421198 0.10187458847110671 -0.0030726399437658518 0.9947925045493752 3.9910520972099746
84 0.9945356146103175 0.018472041016751626 -0.1027506446323011 -0.24589288236602438 -0.01840390925734616 0.9998293356187791 0.0016111362941493052 -0.02033362246531785 0.10276286973282396 0.0002886811154239237 0.9947058405717181 4.024426859913179
85 0.9946357123439514 0.010399785644556663 -0.10291571400222506 -0.24851893263851882 -0.010812981090812596 0.9999355594627564 -0.003457797251757471 -0.021228768088183744 0.10287312170810332 0.004552074302096287 0.9946840701698093 4.057701932111513
86 0.9947731889798601 0.006223048202554808 -0.10191945917197712 -0.25110041562139673 -0.007081493461882252 0.9999424175250372 -0.008063131186680155 -0.021965606786288255 0.10186341314323287 0.008742728707501712 0.9947599759527713 4.089712413470705
87 0.9950677714162853 0.00864061077190913 -0.09882039331087315 -0.2542000682744221 -0.009475554449494432 0.9999232408028511 -0.007982879818612206 -0.02278377390083671 0.09874383097946911 0.008879884448128122 0.9950732653908887 4.121208851459508
88 0.9954095630146348 0.013643388208863938 -0.09472940312910384 -0.2571181482880795 -0.01419779673625308 0.9998857833971107 -0.005180996832890168 -0.022948214041788408 0.09464789710738467 0.006502162603981 0.9954895767684467 4.151807306899118
89 0.9958928467032689 0.012057578709218173 -0.08973323063910206 -0.2596942803623031 -0.012317156010722407 0.9999214039681071 -0.0023395628345708945 -0.023245582854411896 0.0896979685002219 0.003435212092489934 0.9959630885554007 4.181848433934785
90 0.9964151351293924 0.008390344749924429 -0.0841812366270074 -0.26116503011735487 -0.008212470059601188 0.999963253497024 0.002459063066865032 -0.024078364677930203 0.08419877564783795 -0.001758911772682517 0.9964474258127125 4.211136952464592
91 0.9971651648568548 0.004132940182961455 -0.07513023892844807 -0.26331350216792354 -0.0037345851638778153 0.9999782190121557 0.005441909125575423 -0.02423034554047999 0.07515109360252434 -0.005145901934679662 0.9971588804316107 4.2398645563351876
92 0.9979107116955382 0.0076385085522650015 -0.06415500503001437 -0.2649673744323179 -0.00731649115553216 0.9999594376684451 0.005252806390704053 -0.02464103450770384 0.06419252635996821 -0.004772442236861132 0.9979261211906524 4.267995967459039
93 0.9987189929340041 0.013249328961182872 -0.048834705230674624 -0.2660785790750812 -0.013019891466819606 0.999902669531177 0.0050133711829511655 -0.02516534663712819 0.04889637592992712 -0.004371126457123835 0.9987942919712823 4.29511491116692
94 0.9993715714357462 0.018233848762395213 -0.0303971868000551 -0.26666055951724904 -0.018080513577882994 0.9998224248651087 0.005311663168352169 -0.02498741429485989 0.030488641078397282 -0.004758728418825639 0.9995237852442675 4.321691289154425
95 0.9998299445684171 0.016713617626689145 -0.007793390157371286 -0.2659697107324178 -0.016668110474022193 0.9998438578866492 0.00586804393028658 -0.02511208230160081 0.007890249523429371 -0.005737144949433246 0.999952413432903 4.348127220469085
96 0.9997370284363752 0.013108717423002073 0.018815831119834668 -0.26439415212108686 -0.013232920729282413 0.9998913676697374 0.006491738481670981 -0.02530961431499254 -0.018728688746914038 -0.0067390197407161505 0.9998018912918475 4.373418328603891
97 0.9987463759623554 0.012243355257283673 0.048536344671859064 -0.2616879470326797 -0.012663143809551684 0.9998849469751311 0.00835090422637669 -0.025881416410247056 -0.04842851733142539 -0.008955058044672153 0.9987865065390583 4.398305923228135
98 0.9965468937663666 0.011541970032905857 0.0822257347329007 -0.2580544098613208 -0.012370414835668342 0.9998776585211915 0.009572921548465561 -0.02603587592905157 -0.08210518474127759 -0.010557031682206078 0.9965677537030092 4.42355861526054
99 0.992663107934293 0.012176385215168853 0.12029833660247281 -0.2541154583105817 -0.013417775617955412 0.9998647084973268 0.009514620277343951 -0.025824835429130714 -0.12016620757807177 -0.011058948623068145 0.9926921890554272 4.446977965715049
100 0.986670450384332 0.012092530891734038 0.162281215903172 -0.2490421376206681 -0.013840658797379743 0.9998576856248584 0.009645966045782136 -0.026395361410686127 -0.16214147681094424 -0.01176346860132355 0.986697401589784 4.469708077540332
101 0.9779087615834501 0.012597242740202474 0.20865225494508186 -0.24300530757968025 -0.01484465032439973 0.9998474074689677 0.009208590246628772 -0.026157051287309094 -0.20850441332276234 -0.012102530848067424 0.9779465416739314 4.492902945290585
102 0.9658686714540481 0.01488707322137038 0.25860410776801984 -0.2357558862111274 -0.017217472568662462 0.9998289909577602 0.006748887221927248 -0.026340974570613525 -0.25845941294899555 -0.010971047866475382 0.96595981695243 4.515057546997113
103 0.950028085336833 0.015804826868888535 0.31176408471611294 -0.22644662634824464 -0.017957124554048017 0.9998306203497618 0.004033892507345834 -0.027030697724995008 -0.3116475232518006 -0.009430697675934376 0.950150979156662 4.536282251842946
104 0.9295112361290728 0.017130518965351133 0.3683957209710514 -0.2163330812034381 -0.018831783991328423 0.9998221428364061 0.0010230374974630025 -0.0269431596049055 -0.36831267398978673 -0.007888473489529767 0.929668514129901 4.557041515802582
105 0.9046380420185635 0.01760896492162077 0.4258167884046011 -0.20475200376456748 -0.018802091560719162 0.999822242890827 -0.0014014184593657223 -0.027121178744854993 -0.4257657739717484 -0.006738469792545409 0.9048083215461122 4.575989709785772
106 0.8747189776213168 0.018686094800714044 0.48427011063064485 -0.19214643337355006 -0.01878224107723139 0.9998127699723397 -0.0046532161301885335 -0.026808164669210113 -0.48426639116217324 -0.005025421508312753 0.8749061707002808 4.594535283547207
107 0.8405324008169023 0.017073273398605718 0.5414921850889731 -0.17830613221262087 -0.015734385499061025 0.9998509869939018 -0.007101613921309666 -0.027223571687166014 -0.5415327435067441 -0.0025509101859656587 0.8406757880225181 4.61111562223009
108 0.8027859895794774 0.017357371459444642 0.59601457749867 -0.16340772773051856 -0.014901989211844881 0.9998480375741602 -0.009046130478326938 -0.027489716182463403 -0.5960810227246203 -0.0016196959960787013 0.8029226556353054 4.626961599977547
109 0.7615272034662156 0.015495931003375549 0.6479476788316042 -0.14800726195029462 -0.013429125324804368 0.9998767787415676 -0.008129325088654374 -0.02830212736524678 -0.647993809363898 -0.002510668382114993 0.7616414639253428 4.641876277699221
110 0.7191942189413848 0.016064138660473133 0.6946233647743132 -0.13077537609293335 -0.01516257091449374 0.9998574787669549 -0.007424189992955814 -0.028108666759216458 -0.694643629413352 -0.005192841503998473 0.7193352921361221 4.654565402490488
111 0.6732473866207874 0.01520781219261888 0.7392609003975485 -0.11369530504739693 -0.013885511006420978 0.9998721977259143 -0.007923433525998388 -0.028302581479948314 -0.7392869192623189 -0.004930584454644896 0.6733725123173392 4.666441891421092
112 0.6266436391176632 0.013956336909088526 0.7791809611466723 -0.09537662472646687 -0.0098596101469867 0.9999015854733354 -0.009980353483694299 -0.028539648399116792 -0.7792435675968852 -0.0014282954841577365 0.6267195723215356 4.676994929125176
113 0.5787172416024249 0.011771762996537165 0.8154433026691884 -0.07661079754531389 -0.004512472589150872 0.9999267317498145 -0.011232485177668696 -0.02907545141819541 -0.8155157827186502 0.002820767287059178 0.5787279597606284 4.687107468646764
114 0.5309312656509861 0.013708149622461679 0.8473040055305829 -0.05828444933062518 -0.006523998769535557 0.9999056422635237 -0.01208900366552949 -0.029981937727628943 -0.8473897737135473 0.0008906197270949095 0.5309706001298043 4.696068305829809
115 0.48307687505067815 0.017070290526578973 0.875411524925626 -0.03944621937787476 -0.0101168405288437 0.999852012902025 -0.013914087590744638 -0.03026995264793335 -0.8755194928321045 -0.002134824842266102 0.4831780833128788 4.704053842286869
116 0.43630218818702443 0.019403432927586024 0.8995909667031118 -0.020343281067923085 -0.01092341981942938 0.9998080106727967 -0.016267166131604567 -0.03079903632787876 -0.8997338937056127 -0.0027292096162434775 0.43643037466726325 4.711681380659345
117 0.3938916392577548 0.017535886426490135 0.9189895914590527 -0.0005239768395418511 -0.0032845722769807547 0.9998384640261849 -0.017670807528708095 -0.030973045435940483 -0.919151014854358 0.003941895609550836 0.3938856094746384 4.71698308458915
118 0.3533928771103225 0.009501573606561765 0.9354267445966507 0.019593723392758753 0.012081203169660625 0.9998186700842215 -0.014719764977467955 -0.031690074989398506 -0.9353969846742407 0.01650294064758154 0.35321400596850705 4.7216211907586345
119 0.3173764566501986 0.005766961698369034 0.9482820924793078 0.039621474432860494 0.01613075539009923 0.9998039961551701 -0.011479024466278716 -0.03212081455496505 -0.94816242463763 0.01893967858550364 0.3172212241959361 4.726185075352242
120 0.28384837901648813 0.009542628050783503 0.9588216914419472 0.05950831870173309 0.013602087016700182 0.9998097909958767 -0.013977305089731835 -0.03265248708007129 -0.9587726951465099 0.01700941147323231 0.2836645888418785 4.730831183958875
121 0.2519461150072026 0.017285990384407833 0.9675868693141756 0.07987011266175673 0.003955685264044614 0.9998137101972525 -0.018891729822762604 -0.03317381169049184 -0.9677331800072111 0.008587167055239892 0.25183080207769687 4.73583236594963
122 0.22304759876035282 0.022023464817667447 0.974558738960698 0.10121744765522543 -0.0011727630325330735 0.9997500930454966 -0.022324338341604296 -0.03410324045419369 -0.9748068492343036 0.003836463598923365 0.22301768591962387 4.740136380404165
123 0.19714129825229362 0.02361200964749502 0.9800907006618351 0.12283725114494412 -1.2057505310845464e-05 0.9997099806022192 -0.024082245304937105 -0.035107311133391696 -0.9803750855555321 0.0047357876554171615 0.19708440815362854 4.743285690825232
124 0.17353155857817132 0.025336193057457716 0.984502349158592 0.1445726137509525 0.007919541773581253 0.9996007952156076 -0.027120675921174727 -0.035677049367865754 -0.9847964657915498 0.01250310064264528 0.17326163291044183 4.745178169513229
125 0.1531410809330701 0.03229738786549621 0.9876764085811285 0.1669564617293124 0.014827623995310742 0.9992781562518941 -0.034975820283003986 -0.03565484456855765 -0.9880930881740365 0.02000112934013991 0.15255164347792016 4.74701048238033
126 0.13329996979159486 0.03873006774573771 0.9903186860329207 0.18967162067517415 0.01703192972333775 0.9989990442436312 -0.04136209581501815 -0.03593397688176581 -0.9909293776165179 0.02238060438687987 0.13250689462748272 4.748756503050678
127 0.11520705599767922 0.03969586725672741 0.9925480201839527 0.21410885025331597 0.014919047998732659 0.9990193536479944 -0.041686365199606314 -0.036655791478256906 -0.993229458008148 0.019610434964062225 0.11450185406953538 4.751426143341615
128 0.10001719281609898 0.03485144123648076 0.9943751496215737 0.23890855437868372 0.012754442879334717 0.9992593429648131 -0.03630550487691276 -0.038159984238302545 -0.99490395784117 0.01631387572803827 0.09949860366208693 4.753207890172863
129 0.08502045887523797 0.031842324601469345 0.995870266619412 0.263893498315355 0.013193153166264683 0.9993656118555778 -0.03308042548181476 -0.03927686187348899 -0.9962918559750328 0.01595118191549075 0.08454642223845703 4.754668234842119
130 0.0712936867835752 0.029562371187922466 0.9970171896384499 0.29009933864856524 0.01557416449875971 0.9994058615398496 -0.030746858700634292 -0.040146128429948046 -0.9973337734304253 0.017719766633302186 0.07079091923043705 4.756106343413072
131 0.059723025065675436 0.0288659235299169 0.9977975339395111 0.3167362676757415 0.020132191167654804 0.9993436555079329 -0.0301156616203404 -0.040981102075954574 -0.9980119514092972 0.021886449113705755 0.05910269189638879 4.756851047146697
132 0.048711180161398256 0.029580948927096836 0.9983747735133616 0.3445126991403528 0.02295860093256999 0.9992640921515514 -0.030727459702272128 -0.04192396896878564 -0.9985490090979523 0.024418058831697696 0.0479961960199863 4.757791506552635
133 0.04099147247268891 0.03027963491605306 0.9987005771971253 0.3724795049757826 0.024552027480315965 0.9992083541218667 -0.03130276345110982 -0.042846837532221224 -0.998857796250861 0.02580327038227649 0.04021559531391442 4.758472364441842
134 0.035228642706902714 0.030434634840346482 0.9989157500686251 0.4014354883767462 0.026831194468022623 0.999147078519323 -0.031387935416669496 -0.04379502152739016 -0.9990190337208036 0.027907857109363155 0.034381997834838286 4.758976413504883
135 0.02971689644483666 0.03198554067511924 0.9990464610083993 0.43136257252307786 0.027846432879899463 0.9990734564359641 -0.03281470434060118 -0.04469437955153189 -0.9991703970002074 0.02879503139112907 0.028798679234155553 4.759283050669402
136 0.024031658244559335 0.03226000901627914 0.9991905580119773 0.46264509684942834 0.028875988870318503 0.9990397881993249 -0.03294964129409075 -0.04581871069877162 -0.9992940791722816 0.0296444499513416 0.023077043101412658 4.759268078164849
137 0.01940603826305372 0.03219349817138789 0.9992932424240752 0.4944436261022783 0.03079959541012494 0.9989878576733559 -0.03278178066810083 -0.047185527611711506 -0.9993371756326818 0.031413992052709616 0.01839484987181985 4.759641006745754
138 0.017035285420648406 0.03241463602544005 0.9993293203053613 0.5268587668120696 0.03340611510715623 0.9988978944484547 -0.03297010676190582 -0.04816105531811521 -0.9992966679240378 0.03394536548311542 0.015933663675791757 4.7587955814454475
139 0.013769684843953078 0.03199121717682573 0.9993932948558558 0.5613779464814674 0.033984236845961226 0.998895634917057 -0.03244352307699092 -0.04910288522566442 -0.9993275075896271 0.03441035552264466 0.012667280983280432 4.759304935566386
140 0.011349162356254923 0.03150548771829902 0.9994391430984896 0.5962412077157659 0.03621399734254396 0.9988348638120512 -0.03189766809714332 -0.050221773830747975 -0.9992796119756898 0.03655569828622353 0.010194999387984719 4.759343833960384
141 0.01047370969108832 0.03108633165489703 0.999461825879082 0.6301609306201446 0.04091682981064385 0.998666195399274 -0.031490366860134726 -0.051693540237556776 -0.9991076590856232 0.041224630392288686 0.009187785667155083 4.759549706599893
142 0.011689515466526197 0.030878912209135318 0.9994547753695203 0.6674762333972398 0.04394353245445445 0.9985415486081457 -0.03136465620201295 -0.05285979123921471 -0.998965625626619 0.044286210991985694 0.010315538395603513 4.758892936578901
143 0.014657404751745998 0.03077461374722756 0.9994188729630096 0.7044663415941155 0.045937732753307016 0.9984501001177747 -0.03141850226047327 -0.05409782416544987 -0.9988367660410931 0.046371550799111434 0.013220971259941202 4.758800552757358
144 0.017746491789171974 0.031081594078107073 0.9993592930166508 0.7427972926600768 0.04810661018200299 0.9983325564087439 -0.03190393190782494 -0.055237696659279224 -0.9986845428292026 0.04864197080655865 0.016221670385020072 4.7600877631225895
145 0.02256365206970793 0.030660302740856925 0.9992751510175345 0.781130337476424 0.048690148580376076 0.9983098064615528 -0.0317301080035674 -0.0565409242977863 -0.998559037331543 0.049370802692848235 0.02103266043480424 4.7603090995202795
146 0.026499596731463244 0.029034950581938345 0.9992270728006595 0.8214919194591066 0.050029589469008956 0.9982869642360933 -0.03033442291930826 -0.0575606842288747 -0.9983961195590817 0.050794770212979845 0.02500159531666579 4.761049986587676
147 0.030475536924052412 0.027654793278330165 0.9991528682128293 0.8616326164584465 0.04978158353671962 0.9983346328838889 -0.029150552742054074 -0.058769297897085085 -0.9982950643921702 0.05062779072133698 0.029048084565237397 4.762271713548099
148 0.03475683332848045 0.025396679266517317 0.9990730559970127 0.901747304746819 0.04666668073141502 0.9985453700379153 -0.02700675629087797 -0.05998028831559784 -0.9983056563229964 0.04756209265871665 0.033521096274364906 4.763345711016903
149 0.038686453624311966 0.024636354106391204 0.9989476504613836 0.9436691780964938 0.04612055535257362 0.9985866100016474 -0.02641357036426226 -0.06103190428145319 -0.9981864819160516 0.047093867772377146 0.03749553224443823 4.765512947235725
150 0.04269845821125394 0.025047658195653195 0.9987739766760524 0.9868493579312958 0.04261752929838165 0.9987301087856516 -0.026868494589430383 -0.06293475376648633 -0.9981786352466594 0.043712522506878904 0.041576766507296095 4.76695539545946
151 0.045998116874570234 0.02902760824457059 0.9985196899428638 1.0289923960679674 0.04051438722511966 0.9987010674153844 -0.030899229296936916 -0.06457594353239363 -0.9981196109043075 0.041875719730786264 0.04476233266109135 4.768628191647562
152 0.0471987913298642 0.034192417770674624 0.998300131555634 1.0717029109132388 0.0348096623600874 0.9987506222348953 -0.0358536189496424 -0.06608203131718779 -0.998278799486084 0.036442737992707086 0.04594959569156462 4.7711695221456
153 0.046931272022109276 0.037337027868551025 0.9982000811742754 1.1141545553163734 0.0317545006035662 0.9987403633631016 -0.038850203098026476 -0.06783026990826214 -0.9983932628968432 0.03352063452983602 0.045686536998466656 4.773279735529056
154 0.046897533132164465 0.03677292220500199 0.998222607226776 1.1570968257896548 0.02974631007232274 0.9988275492756331 -0.038192719792050196 -0.06966780182373664 -0.9984566983215639 0.03148458353762527 0.045748689339297204 4.775306490147705
155 0.046980320832881506 0.03491469151623388 0.9982854370222806 1.2013368956019832 0.027155249313982006 0.9989749439861797 -0.03621676024307797 -0.07186938977626367 -0.9985266355431562 0.028810164944604862 0.04598404621963649 4.777223840245809
156 0.04685834561510308 0.03382231952596633 0.99832877658019 1.2440543593770566 0.028019599270737938 0.9989888329230023 -0.035159831510475775 -0.07361762137136381 -0.9985084864451192 0.02962030379690965 0.04586327615921017 4.779256397972656
157 0.047136154477216814 0.03239766335247044 0.9983629472042719 1.2872139381336734 0.02499343095738467 0.9991227206141265 -0.03360234458492956 -0.07631977025644784 -0.998575741418786 0.026536400696512953 0.046285074138383946 4.7812346803818855
158 0.04703019640585492 0.032972770790408716 0.9983491157968889 1.3301935529458875 0.023084728837562424 0.9991522343409243 -0.03408677024939429 -0.0780622910035535 -0.9986266849631662 0.02464972612306165 0.046229158347682826 4.783479977772723
159 0.04738884611562561 0.03326039186515991 0.9983226149881639 1.3734490271985942 0.020598415460448116 0.9992004052081801 -0.034267411812500245 -0.0800352611393642 -0.9986641089697519 0.022187757092250533 0.046665842871065386 4.785270417550338
160 0.04636207306195905 0.03512054438889365 0.9983071198500115 1.4161605186730568 0.017397776810026983 0.9992017799000859 -0.03595998340612678 -0.08152371448751126 -0.9987731852344985 0.01903550383699304 0.04571404653064271 4.7871584350870595
161 0.04321270297520632 0.03486550722064851 0.9984573394531302 1.4587264639973443 0.014013435086180765 0.9992714062019086 -0.0355004279459509 -0.08350811257574714 -0.9989676100548315 0.015525886561068281 0.04269263294563647 4.78913287242987
162 0.03929632845887985 0.03339694731469708 0.9986693359063906 1.5017667576637805 0.011478148629063416 0.9993602752818759 -0.033871703420148065 -0.08544374635572942 -0.9991616739415603 0.012793908651881507 0.038887854501198006 4.790891047775105
